penjualan,persediaan,produksi
50.0,286,96.0
20.0,327,61.0
150.0,264,87.0
,311,47.0
80.0,330,99.0
61.0,297,28.0
,320,23.0
112.0,216,8.0
43.0,183,10.0
43.0,157,17.0
41.0,134,18.0
40.0,119,25.0
82.0,71,34.0
40.0,58,27.0
50.0,50,42.0
20.0,30,
42.0,34,46.0
30.0,68,64.0
50.0,48,30.0
,109,61.0
53.0,113,57.0
,143,30.0
11.0,161,29.0
,161,
90.0,71,
43.0,28,
60.0,32,64.0
51.0,36,55.0
30.0,94,88.0
123.0,68,97.0
